0 5
544406100 14
205525304 15
0 23
91819042 24
135060421 25
0 26
0 27
0 30
407634 31
0 32
28070012 33
0 34
0 35
29125844 42
0 43
155509883 44
539039264 48
106923531 50
0 51
0 55
0 56
0 57
147651975 58
8716577 59
0 60
0 61
234960 62
311118790 65
309429571 66
0 67
4249658 68
0 69
0 70
118053189 71
167013743 72
308446485 75
1180405 76
0 77
0 78
0 79
0 80
0 81
0 82
0 83
0 84
0 85
0 86
0 88
0 89
0 90
56097902 92
201117788 93
7555918 94
0 95
0 96
60810986 97
0 98
0 99
0 100
0 101
0 102
0 103
0 104
0 105
0 106
304355 107
0 108
0 109
0 110
0 111
0 112
27958385 113
0 114
0 115
0 116
40377610 117
211190395 120
99517458 121
1338116 122
232848817 123
0 125
49904 126
71816306 127
0 128
0 129
0 130
0 131
76772445 132
87307331 133
0 134
0 135
2583728 136
149194 137
12382818 138
0 139
2623019 140
0 141
0 142
0 143
0 144
0 145
0 146
0 147
40684369 148
0 149
0 150
3346978 151
0 152
0 153
144462 154
43037968 155
